H-representation
begin
 85 32 rational
 0  0 0 0 0 0 0 0 0 0 0 0 0 0 0 0 0 0 0 0 0 0 0 0 0 0 0 0 0 0 -1 1 
  0  0 0 0 0 0 0 0 0 0 0 0 0 0 0 0 0 0 0 0 0 0 0 0 0 0 0 0 0 -1 0 1 
  0  0 0 0 0 0 0 0 0 0 0 0 0 0 0 0 0 0 0 0 0 0 0 0 0 0 0 -1 0 0 0 1 
  0  0 0 0 0 0 0 0 0 0 0 0 0 0 0 0 0 0 0 0 0 0 0 0 -1 0 0 0 0 0 0 1 
  0  0 0 0 0 0 0 0 0 0 0 0 0 0 0 0 0 0 0 0 -1 0 0 0 0 0 0 0 0 0 0 1 
  0  1 1 0 0 0 -1 0 0 0 0 0 0 0 0 0 0 0 0 0 0 0 0 0 0 0 0 0 0 0 0 0 
  0  0 0 -1 0 0 0 1 1 0 0 0 0 0 0 0 -1 0 0 0 0 0 0 0 0 0 0 0 0 0 0 0 
  0  0 0 0 0 0 0 0 0 0 0 -1 0 0 0 0 0 0 1 1 -1 0 0 0 0 0 0 0 0 0 0 0 
  0  0 0 0 0 0 0 0 0 0 0 0 0 0 0 0 0 0 0 0 0 0 0 0 0 0 0 0 -1 1 1 -1 
  0  0 0 0 0 0 0 0 0 0 0 0 0 0 -1 0 0 0 0 0 0 0 1 1 -1 0 0 0 0 0 0 0 
  0  0 0 0 -1 0 0 0 0 1 1 0 0 0 0 0 0 -1 0 0 0 0 0 0 0 0 0 0 0 0 0 0 
  0  0 0 0 0 0 0 0 0 0 0 0 0 0 0 -1 0 0 0 0 0 0 0 0 0 1 1 -1 0 0 0 0 
  0  0 0 0 0 -1 0 0 0 0 0 0 1 1 0 0 0 0 0 0 0 -1 0 0 0 0 0 0 0 0 0 0 
  0  1 0 1 0 0 0 -1 0 0 0 0 0 0 0 0 0 0 0 0 0 0 0 0 0 0 0 0 0 0 0 0 
  0  0 -1 0 0 0 1 0 1 0 0 0 0 0 0 0 -1 0 0 0 0 0 0 0 0 0 0 0 0 0 0 0 
  0  0 0 0 0 0 0 0 0 0 -1 0 0 0 0 0 0 1 0 1 -1 0 0 0 0 0 0 0 0 0 0 0 
  0  0 0 0 0 0 0 0 0 0 0 0 0 0 0 0 0 0 0 0 0 0 0 0 0 0 -1 1 0 0 1 -1 
  0  0 0 0 0 0 0 0 0 0 0 0 0 -1 0 0 0 0 0 0 0 1 0 1 -1 0 0 0 0 0 0 0 
  0  0 0 0 -1 0 0 0 0 1 0 1 0 0 0 0 0 0 -1 0 0 0 0 0 0 0 0 0 0 0 0 0 
  0  0 0 0 0 0 0 0 0 0 0 0 0 0 0 -1 0 0 0 0 0 0 0 0 0 1 0 0 1 -1 0 0 
  0  0 0 0 0 -1 0 0 0 0 0 0 1 0 1 0 0 0 0 0 0 0 -1 0 0 0 0 0 0 0 0 0 
  0  1 0 0 1 0 0 0 0 -1 0 0 0 0 0 0 0 0 0 0 0 0 0 0 0 0 0 0 0 0 0 0 
  0  0 -1 0 0 0 1 0 0 0 1 0 0 0 0 0 0 -1 0 0 0 0 0 0 0 0 0 0 0 0 0 0 
  0  0 0 0 0 0 0 0 -1 0 0 0 0 0 0 0 1 0 0 1 -1 0 0 0 0 0 0 0 0 0 0 0 
  0  0 0 0 0 0 0 0 0 0 0 0 0 0 0 0 0 0 0 0 0 0 0 -1 1 0 0 0 0 0 1 -1 
  0  0 0 0 0 0 0 0 0 0 0 0 0 -1 0 0 0 0 0 0 0 1 0 0 0 0 1 -1 0 0 0 0 
  0  0 0 -1 0 0 0 1 0 0 0 1 0 0 0 0 0 0 -1 0 0 0 0 0 0 0 0 0 0 0 0 0 
  0  0 0 0 0 0 0 0 0 0 0 0 0 0 -1 0 0 0 0 0 0 0 1 0 0 0 0 0 1 -1 0 0 
  0  0 0 0 0 -1 0 0 0 0 0 0 1 0 0 1 0 0 0 0 0 0 0 0 0 -1 0 0 0 0 0 0 
  0  1 0 0 0 1 0 0 0 0 0 0 -1 0 0 0 0 0 0 0 0 0 0 0 0 0 0 0 0 0 0 0 
  0  0 -1 0 0 0 1 0 0 0 0 0 0 1 0 0 0 0 0 0 0 -1 0 0 0 0 0 0 0 0 0 0 
  0  0 0 0 0 0 0 0 -1 0 0 0 0 0 0 0 1 0 0 0 0 0 0 1 -1 0 0 0 0 0 0 0 
  0  0 0 0 0 0 0 0 0 0 0 0 0 0 0 0 0 0 0 -1 1 0 0 0 0 0 0 0 0 0 1 -1 
  0  0 0 0 0 0 0 0 0 0 -1 0 0 0 0 0 0 1 0 0 0 0 0 0 0 0 1 -1 0 0 0 0 
  0  0 0 -1 0 0 0 1 0 0 0 0 0 0 1 0 0 0 0 0 0 0 -1 0 0 0 0 0 0 0 0 0 
  0  0 0 0 0 0 0 0 0 0 0 -1 0 0 0 0 0 0 1 0 0 0 0 0 0 0 0 0 1 -1 0 0 
  0  0 0 0 -1 0 0 0 0 1 0 0 0 0 0 1 0 0 0 0 0 0 0 0 0 -1 0 0 0 0 0 0 
  0  0 1 1 0 0 0 0 -1 0 0 0 0 0 0 0 0 0 0 0 0 0 0 0 0 0 0 0 0 0 0 0 
  0  -1 0 0 0 0 1 1 0 0 0 0 0 0 0 0 -1 0 0 0 0 0 0 0 0 0 0 0 0 0 0 0 
  0  0 0 0 0 0 0 0 0 -1 0 0 0 0 0 0 0 1 1 0 -1 0 0 0 0 0 0 0 0 0 0 0 
  0  0 0 0 0 0 0 0 0 0 0 0 0 0 0 0 0 0 0 0 0 0 0 0 0 -1 0 1 0 1 0 -1 
  0  0 0 0 0 0 0 0 0 0 0 0 -1 0 0 0 0 0 0 0 0 1 1 0 -1 0 0 0 0 0 0 0 
  0  0 0 0 -1 0 0 0 0 0 1 1 0 0 0 0 0 0 0 -1 0 0 0 0 0 0 0 0 0 0 0 0 
  0  0 0 0 0 0 0 0 0 0 0 0 0 0 0 -1 0 0 0 0 0 0 0 0 0 0 1 0 1 0 -1 0 
  0  0 0 0 0 -1 0 0 0 0 0 0 0 1 1 0 0 0 0 0 0 0 0 -1 0 0 0 0 0 0 0 0 
  0  0 1 0 1 0 0 0 0 0 -1 0 0 0 0 0 0 0 0 0 0 0 0 0 0 0 0 0 0 0 0 0 
  0  -1 0 0 0 0 1 0 0 1 0 0 0 0 0 0 0 -1 0 0 0 0 0 0 0 0 0 0 0 0 0 0 
  0  0 0 0 0 0 0 -1 0 0 0 0 0 0 0 0 1 0 1 0 -1 0 0 0 0 0 0 0 0 0 0 0 
  0  0 0 0 0 0 0 0 0 0 0 0 0 0 0 0 0 0 0 0 0 0 -1 0 1 0 0 0 0 1 0 -1 
  0  0 0 0 0 0 0 0 0 0 0 0 -1 0 0 0 0 0 0 0 0 1 0 0 0 1 0 -1 0 0 0 0 
  0  0 0 -1 0 0 0 0 1 0 0 1 0 0 0 0 0 0 0 -1 0 0 0 0 0 0 0 0 0 0 0 0 
  0  0 0 0 0 0 0 0 0 0 0 0 0 0 -1 0 0 0 0 0 0 0 0 1 0 0 0 0 1 0 -1 0 
  0  0 0 0 0 -1 0 0 0 0 0 0 0 1 0 1 0 0 0 0 0 0 0 0 0 0 -1 0 0 0 0 0 
  0  0 1 0 0 1 0 0 0 0 0 0 0 -1 0 0 0 0 0 0 0 0 0 0 0 0 0 0 0 0 0 0 
  0  -1 0 0 0 0 1 0 0 0 0 0 1 0 0 0 0 0 0 0 0 -1 0 0 0 0 0 0 0 0 0 0 
  0  0 0 0 0 0 0 -1 0 0 0 0 0 0 0 0 1 0 0 0 0 0 1 0 -1 0 0 0 0 0 0 0 
  0  0 0 0 0 0 0 0 0 0 0 0 0 0 0 0 0 0 -1 0 1 0 0 0 0 0 0 0 0 1 0 -1 
  0  0 0 0 0 0 0 0 0 -1 0 0 0 0 0 0 0 1 0 0 0 0 0 0 0 1 0 -1 0 0 0 0 
  0  0 0 -1 0 0 0 0 1 0 0 0 0 0 1 0 0 0 0 0 0 0 0 -1 0 0 0 0 0 0 0 0 
  0  0 0 0 0 0 0 0 0 0 0 -1 0 0 0 0 0 0 0 1 0 0 0 0 0 0 0 0 1 0 -1 0 
  0  0 0 0 -1 0 0 0 0 0 1 0 0 0 0 1 0 0 0 0 0 0 0 0 0 0 -1 0 0 0 0 0 
  0  0 0 1 1 0 0 0 0 0 0 -1 0 0 0 0 0 0 0 0 0 0 0 0 0 0 0 0 0 0 0 0 
  0  -1 0 0 0 0 0 1 0 1 0 0 0 0 0 0 0 0 -1 0 0 0 0 0 0 0 0 0 0 0 0 0 
  0  0 0 0 0 0 -1 0 0 0 0 0 0 0 0 0 1 1 0 0 -1 0 0 0 0 0 0 0 0 0 0 0 
  0  0 0 0 0 0 0 0 0 0 0 0 0 0 0 0 0 0 0 0 0 -1 0 0 1 0 0 1 0 0 0 -1 
  0  0 0 0 0 0 0 0 0 0 0 0 -1 0 0 0 0 0 0 0 0 0 1 0 0 1 0 0 0 -1 0 0 
  0  0 -1 0 0 0 0 0 1 0 1 0 0 0 0 0 0 0 0 -1 0 0 0 0 0 0 0 0 0 0 0 0 
  0  0 0 0 0 0 0 0 0 0 0 0 0 -1 0 0 0 0 0 0 0 0 0 1 0 0 1 0 0 0 -1 0 
  0  0 0 0 0 -1 0 0 0 0 0 0 0 0 1 1 0 0 0 0 0 0 0 0 0 0 0 0 -1 0 0 0 
  0  0 0 1 0 1 0 0 0 0 0 0 0 0 -1 0 0 0 0 0 0 0 0 0 0 0 0 0 0 0 0 0 
  0  -1 0 0 0 0 0 1 0 0 0 0 1 0 0 0 0 0 0 0 0 0 -1 0 0 0 0 0 0 0 0 0 
  0  0 0 0 0 0 -1 0 0 0 0 0 0 0 0 0 1 0 0 0 0 1 0 0 -1 0 0 0 0 0 0 0 
  0  0 0 0 0 0 0 0 0 0 0 0 0 0 0 0 0 -1 0 0 1 0 0 0 0 0 0 1 0 0 0 -1 
  0  0 0 0 0 0 0 0 0 -1 0 0 0 0 0 0 0 0 1 0 0 0 0 0 0 1 0 0 0 -1 0 0 
  0  0 -1 0 0 0 0 0 1 0 0 0 0 1 0 0 0 0 0 0 0 0 0 -1 0 0 0 0 0 0 0 0 
  0  0 0 0 0 0 0 0 0 0 -1 0 0 0 0 0 0 0 0 1 0 0 0 0 0 0 1 0 0 0 -1 0 
  0  0 0 0 -1 0 0 0 0 0 0 1 0 0 0 1 0 0 0 0 0 0 0 0 0 0 0 0 -1 0 0 0 
  0  0 0 0 1 1 0 0 0 0 0 0 0 0 0 -1 0 0 0 0 0 0 0 0 0 0 0 0 0 0 0 0 
  0  -1 0 0 0 0 0 0 0 1 0 0 1 0 0 0 0 0 0 0 0 0 0 0 0 -1 0 0 0 0 0 0 
  0  0 0 0 0 0 -1 0 0 0 0 0 0 0 0 0 0 1 0 0 0 1 0 0 0 0 0 -1 0 0 0 0 
  0  0 0 0 0 0 0 0 0 0 0 0 0 0 0 0 -1 0 0 0 1 0 0 0 1 0 0 0 0 0 0 -1 
  0  0 0 0 0 0 0 -1 0 0 0 0 0 0 0 0 0 0 1 0 0 0 1 0 0 0 0 0 0 -1 0 0 
  0  0 -1 0 0 0 0 0 0 0 1 0 0 1 0 0 0 0 0 0 0 0 0 0 0 0 -1 0 0 0 0 0 
  0  0 0 0 0 0 0 0 -1 0 0 0 0 0 0 0 0 0 0 1 0 0 0 1 0 0 0 0 0 0 -1 0 
  0  0 0 -1 0 0 0 0 0 0 0 1 0 0 1 0 0 0 0 0 0 0 0 0 0 0 0 0 -1 0 0 0 
  end
